44 
447 
407 
428 
463 
372 
20 
492 
190 
176 
47 
207 
416 
94 
241 
335 
395 
72 
361 
189 
464 
491 
40 
3 
147 
114 
136 
394 
364 
448 
273 
19 
274 
409 
178 
299 
247 
98 
83 
103 
164 
170 
171 
181 
320 
55 
413 
8 
14 
256 
159 
267 
187 
195 
314 
408 
450 
118 
420 
158 
16 
339 
93 
344 
367 
208 
26 
317 
358 
493 
172 
229 
85 
455 
396 
433 
327 
122 
21 
106 
198 
414 
456 
89 
71 
297 
248 
270 
51 
498 
303 
68 
340 
264 
421 
230 
9 
346 
293 
379 
123 
28 
253 
434 
126 
58 
453 
260 
383 
143 
102 
210 
27 
359 
405 
0 
341 
67 
64 
34 
331 
259 
389 
486 
349 
24 
41 
36 
209 
145 
81 
454 
370 
402 
15 
347 
334 
212 
121 
271 
336 
101 
393 
95 
430 
222 
400 
490 
284 
31 
156 
33 
38 
325 
224 
495 
438 
165 
436 
7 
223 
61 
23 
115 
135 
262 
286 
6 
155 
182 
221 
78 
249 
184 
173 
496 
138 
432 
422 
449 
157 
298 
415 
329 
419 
321 
186 
269 
318 
445 
483 
30 
226 
234 
478 
312 
37 
275 
42 
119 
360 
193 
57 
35 
484 
80 
369 
22 
120 
65 
88 
471 
48 
443 
29 
380 
371 
487 
12 
11 
353 
441 
4 
13 
25 
376 
308 
45 
285 
5 
401 
50 
17 
10 
53 
63 
112 
386 
1 
54 
377 
481 
291 
148 
56 
169 
192 
46 
342 
391 
62 
110 
100 
76 
142 
43 
18 
384 
52 
440 
139 
180 
446 
465 
140 
191 
348 
39 
237 
211 
410 
350 
75 
151 
152 
227 
205 
82 
475 
32 
49 
287 
439 
2 
128 
109 
74 
204 
345 
108 
326 
459 
99 
265 
217 
179 
