er500_015_3124_476_v0.txt 500 3124 476 494 
er500_015_3182_474_v1.txt 500 3182 474 488 
er500_015_2966_472_v2.txt 500 2966 472 491 
er500_015_3130_472_v3.txt 500 3130 472 491 
er500_015_3133_472_v4.txt 500 3133 472 494 
er500_015_3208_470_v5.txt 500 3208 470 488 
er500_015_3106_468_v6.txt 500 3106 468 495 
er500_015_3078_476_v7.txt 500 3078 476 496 
er500_015_3083_468_v8.txt 500 3083 468 496 
er500_015_3163_476_v9.txt 500 3163 476 493 
er500_015_3102_474_v10.txt 500 3102 474 494 
er500_015_3159_466_v11.txt 500 3159 466 489 
er500_015_3022_482_v12.txt 500 3022 482 486 
er500_015_3037_472_v13.txt 500 3037 472 495 
er500_015_3162_476_v14.txt 500 3162 476 494 
er500_015_3126_470_v15.txt 500 3126 470 494 
er500_015_3145_476_v16.txt 500 3145 476 486 
er500_015_3130_474_v17.txt 500 3130 474 491 
er500_015_3070_478_v18.txt 500 3070 478 495 
er500_015_3132_470_v19.txt 500 3132 470 495 
er500_015_3079_474_v20.txt 500 3079 474 489 
er500_015_3124_470_v21.txt 500 3124 470 496 
er500_015_3261_474_v22.txt 500 3261 474 491 
er500_015_3134_472_v23.txt 500 3134 472 496 
er500_015_3185_472_v24.txt 500 3185 472 497 
er500_015_3149_474_v25.txt 500 3149 474 499 
er500_015_3127_478_v26.txt 500 3127 478 490 
er500_015_3149_472_v27.txt 500 3149 472 487 
er500_015_3058_468_v28.txt 500 3058 468 490 
er500_015_3229_468_v29.txt 500 3229 468 493 
er500_015_3165_472_v30.txt 500 3165 472 489 
er500_015_3125_470_v31.txt 500 3125 470 492 
er500_015_3128_466_v32.txt 500 3128 466 495 
er500_015_3092_470_v33.txt 500 3092 470 496 
er500_015_3110_468_v34.txt 500 3110 468 491 
er500_015_3097_476_v35.txt 500 3097 476 493 
er500_015_3122_474_v36.txt 500 3122 474 489 
er500_015_3154_468_v37.txt 500 3154 468 491 
er500_015_3053_468_v38.txt 500 3053 468 490 
er500_015_3179_472_v39.txt 500 3179 472 494 
er500_015_3081_472_v40.txt 500 3081 472 491 
er500_015_3264_474_v41.txt 500 3264 474 482 
er500_015_3030_470_v42.txt 500 3030 470 493 
er500_015_3204_468_v43.txt 500 3204 468 495 
er500_015_3110_474_v44.txt 500 3110 474 492 
er500_015_3077_466_v45.txt 500 3077 466 492 
er500_015_3108_468_v46.txt 500 3108 468 489 
er500_015_3117_476_v47.txt 500 3117 476 488 
er500_015_3147_478_v48.txt 500 3147 478 489 
er500_015_3129_470_v49.txt 500 3129 470 489 
