ba500_015_2964_420_v0.txt 500 2964 420 494 
ba500_015_2964_422_v1.txt 500 2964 422 494 
ba500_015_2964_420_v2.txt 500 2964 420 494 
ba500_015_2964_420_v3.txt 500 2964 420 494 
ba500_015_2964_406_v4.txt 500 2964 406 494 
ba500_015_2964_422_v5.txt 500 2964 422 494 
ba500_015_2964_410_v6.txt 500 2964 410 494 
ba500_015_2964_416_v7.txt 500 2964 416 494 
ba500_015_2964_424_v8.txt 500 2964 424 494 
ba500_015_2964_418_v9.txt 500 2964 418 494 
ba500_015_2964_424_v10.txt 500 2964 424 494 
ba500_015_2964_436_v11.txt 500 2964 436 494 
ba500_015_2964_430_v12.txt 500 2964 430 494 
ba500_015_2964_418_v13.txt 500 2964 418 494 
ba500_015_2964_416_v14.txt 500 2964 416 494 
ba500_015_2964_418_v15.txt 500 2964 418 494 
ba500_015_2964_414_v16.txt 500 2964 414 494 
ba500_015_2964_424_v17.txt 500 2964 424 494 
ba500_015_2964_412_v18.txt 500 2964 412 494 
ba500_015_2964_404_v19.txt 500 2964 404 494 
ba500_015_2964_414_v20.txt 500 2964 414 494 
ba500_015_2964_416_v21.txt 500 2964 416 494 
ba500_015_2964_410_v22.txt 500 2964 410 494 
ba500_015_2964_424_v23.txt 500 2964 424 494 
ba500_015_2964_420_v24.txt 500 2964 420 494 
ba500_015_2964_402_v25.txt 500 2964 402 494 
ba500_015_2964_414_v26.txt 500 2964 414 494 
ba500_015_2964_418_v27.txt 500 2964 418 494 
ba500_015_2964_428_v28.txt 500 2964 428 494 
ba500_015_2964_430_v29.txt 500 2964 430 494 
ba500_015_2964_418_v30.txt 500 2964 418 494 
ba500_015_2964_426_v31.txt 500 2964 426 494 
ba500_015_2964_410_v32.txt 500 2964 410 494 
ba500_015_2964_414_v33.txt 500 2964 414 494 
ba500_015_2964_416_v34.txt 500 2964 416 494 
ba500_015_2964_426_v35.txt 500 2964 426 494 
ba500_015_2964_422_v36.txt 500 2964 422 494 
ba500_015_2964_410_v37.txt 500 2964 410 494 
ba500_015_2964_410_v38.txt 500 2964 410 494 
ba500_015_2964_426_v39.txt 500 2964 426 494 
ba500_015_2964_418_v40.txt 500 2964 418 494 
ba500_015_2964_422_v41.txt 500 2964 422 494 
ba500_015_2964_422_v42.txt 500 2964 422 494 
ba500_015_2964_422_v43.txt 500 2964 422 494 
ba500_015_2964_422_v44.txt 500 2964 422 494 
ba500_015_2964_420_v45.txt 500 2964 420 494 
ba500_015_2964_422_v46.txt 500 2964 422 494 
ba500_015_2964_416_v47.txt 500 2964 416 494 
ba500_015_2964_410_v48.txt 500 2964 410 494 
ba500_015_2964_416_v49.txt 500 2964 416 494 
